<!DOCTYPE HTML>
<html>
  <head>
    <meta charset="UTF-8">
    <title>TOMTOM</title>
    <script>
      // @JSON_VAR data
      var data = {
        "program": "Tomtom",
        "version": "4.11.0",
        "release": "Thu Nov 26 17:48:49 2015 +1000",
        "cmd": [
          "tomtom", "-no-ssc", "-oc", "DanQ-JASPAR_TOMTOM", "-verbosity", "4",
          "-min-overlap", "5", "-dist", "pearson", "-evalue", "-thresh",
          "0.01", "DanQ-JASPAR.meme",
          "/data/users/dxquang/meme_4.11.0/motif_databases/EUKARYOTE/jolma2013.meme",
          "/data/users/dxquang/meme_4.11.0/motif_databases/JASPAR/JASPAR_CORE_2016_vertebrates.meme",
          "/data/users/dxquang/meme_4.11.0/motif_databases/MOUSE/uniprobe_mouse.meme"
        ],
        "options": {
          "strands": "both",
          "distance_measure": "pearson",
          "threshold_type": "evalue",
          "threshold_value": 0.01,
          "background_source": "first_target"
        },
        "alphabet": {
          "name": "DNA",
          "like": "dna",
          "ncore": 4,
          "symbols": [
            {
              "symbol": "A",
              "name": "Adenine",
              "colour": "CC0000",
              "complement": "T"
            }, {
              "symbol": "C",
              "name": "Cytosine",
              "colour": "0000CC",
              "complement": "G"
            }, {
              "symbol": "G",
              "name": "Guanine",
              "colour": "FFB300",
              "complement": "C"
            }, {
              "symbol": "T",
              "aliases": "U",
              "name": "Thymine",
              "colour": "008000",
              "complement": "A"
            }, {
              "symbol": "N",
              "aliases": "X.",
              "name": "Any base",
              "equals": "ACGT"
            }, {
              "symbol": "V",
              "name": "Not T",
              "equals": "ACG"
            }, {
              "symbol": "H",
              "name": "Not G",
              "equals": "ACT"
            }, {
              "symbol": "D",
              "name": "Not C",
              "equals": "AGT"
            }, {
              "symbol": "B",
              "name": "Not A",
              "equals": "CGT"
            }, {
              "symbol": "M",
              "name": "Amino",
              "equals": "AC"
            }, {
              "symbol": "R",
              "name": "Purine",
              "equals": "AG"
            }, {
              "symbol": "W",
              "name": "Weak",
              "equals": "AT"
            }, {
              "symbol": "S",
              "name": "Strong",
              "equals": "CG"
            }, {
              "symbol": "Y",
              "name": "Pyrimidine",
              "equals": "CT"
            }, {
              "symbol": "K",
              "name": "Keto",
              "equals": "GT"
            }
          ]
        },
        "background": [0.25, 0.25, 0.25, 0.25],
        "query_dbs": [
          {
            "source": "DanQ-JASPAR.meme",
            "name": "DanQ-JASPAR",
            "loaded": 1024,
            "excluded": 0,
            "last_modified": "Fri Dec 18 09:10:39 2015"
          }
        ],
        "target_dbs": [
          {
            "source": "/data/users/dxquang/meme_4.11.0/motif_databases/EUKARYOTE/jolma2013.meme",
            "name": "jolma2013",
            "loaded": 843,
            "excluded": 0,
            "last_modified": "Mon Dec  7 16:08:34 2015"
          }, {
            "source": "/data/users/dxquang/meme_4.11.0/motif_databases/JASPAR/JASPAR_CORE_2016_vertebrates.meme",
            "name": "JASPAR CORE 2016 vertebrates",
            "loaded": 519,
            "excluded": 0,
            "last_modified": "Mon Dec  7 16:08:44 2015"
          }, {
            "source": "/data/users/dxquang/meme_4.11.0/motif_databases/MOUSE/uniprobe_mouse.meme",
            "name": "uniprobe mouse",
            "loaded": 386,
            "excluded": 0,
            "last_modified": "Mon Dec  7 16:14:23 2015"
          }
        ],
        "queries": [
          {
            "db": 0,
            "id": "M0",
            "alt": "O0",
            "len": 30,
            "nsites": 1324,
            "evalue": "1.3e-003",
            "pwm": [
              [0.222056, 0.255287, 0.283985, 0.238672], 
              [0.259818, 0.261328, 0.231119, 0.247734], 
              [0.213749, 0.253776, 0.275678, 0.256797], 
              [0.258307, 0.20393, 0.312684, 0.225078], 
              [0.230364, 0.256797, 0.319481, 0.193357], 
              [0.266615, 0.210728, 0.3006, 0.222056], 
              [0.246979, 0.202421, 0.277944, 0.272657], 
              [0.198644, 0.232629, 0.301356, 0.267371], 
              [0.172967, 0.298334, 0.231119, 0.297579], 
              [0.0876253, 0.419927, 0.0483532, 0.444094], 
              [0.0611923, 0.0415567, 0.0815837, 0.815667], 
              [0.00303965, 0.00303965, 0.981063, 0.0128579], 
              [0.111037, 0.222056, 0.0204103, 0.646496], 
              [0.00681637, 0.000773824, 0.991636, 0.000773824], 
              [0.00228471, 0.0037946, 0.991636, 0.00228471], 
              [0.00455054, 0.197134, 0.0581715, 0.740144], 
              [0.0430666, 0.345914, 0.0800728, 0.530946], 
              [0.354977, 0.0861154, 0.107262, 0.451647], 
              [0.204686, 0.247734, 0.337606, 0.209973], 
              [0.20091, 0.25, 0.347425, 0.201666], 
              [0.259818, 0.240182, 0.315705, 0.184295], 
              [0.222812, 0.259062, 0.273412, 0.244713], 
              [0.216015, 0.202421, 0.302111, 0.279454], 
              [0.256797, 0.219791, 0.28474, 0.238672], 
              [0.239427, 0.25, 0.272657, 0.237916], 
              [0.217525, 0.21828, 0.283985, 0.280209], 
              [0.242448, 0.240938, 0.269636, 0.246979], 
              [0.249245, 0.258307, 0.272657, 0.219791], 
              [0.234895, 0.293048, 0.230364, 0.241693], 
              [0.236406, 0.257552, 0.263594, 0.242448]
            ]
          }, {
            "db": 0,
            "id": "M1",
            "alt": "O1",
            "len": 30,
            "nsites": 1979,
            "evalue": "1.3e-003",
            "pwm": [
              [0.232947, 0.296107, 0.236989, 0.233958], 
              [0.235473, 0.282464, 0.259222, 0.222841], 
              [0.253158, 0.26579, 0.2476, 0.233452], 
              [0.208188, 0.258211, 0.293075, 0.240526], 
              [0.231936, 0.25619, 0.273875, 0.238], 
              [0.232947, 0.276907, 0.254674, 0.235473], 
              [0.243052, 0.257706, 0.279433, 0.21981], 
              [0.235473, 0.280948, 0.243557, 0.240021], 
              [0.250126, 0.230926, 0.266295, 0.252653], 
              [0.245579, 0.281453, 0.262253, 0.210714], 
              [0.267306, 0.295097, 0.238, 0.199599], 
              [0.218799, 0.293075, 0.24861, 0.239516], 
              [0.295602, 0.260737, 0.209199, 0.234463], 
              [0.244568, 0.293581, 0.194546, 0.267306], 
              [0.360782, 0.203135, 0.233958, 0.202124], 
              [0.169281, 0.189998, 0.206167, 0.434554], 
              [0.248105, 0.179893, 0.359772, 0.21223], 
              [0.0429615, 0.448701, 0.451733, 0.0566038], 
              [0.0025395, 0.995414, 1.2632e-05, 0.00203353], 
              [0.00152856, 0.852421, 0.00405443, 0.141996], 
              [0.053067, 0.276907, 0.100564, 0.569464], 
              [0.101069, 0.378972, 0.435059, 0.0848993], 
              [0.583106, 0.110164, 0.26579, 0.0409406], 
              [0.146544, 0.00354945, 0.846357, 0.00354945], 
              [0.0025395, 0.000517606, 0.993898, 0.00304448], 
              [0.051551, 0.528536, 0.374426, 0.0454883], 
              [0.253158, 0.320865, 0.184945, 0.241031], 
              [0.432533, 0.204651, 0.213241, 0.149575], 
              [0.195051, 0.224357, 0.202124, 0.378468], 
              [0.275896, 0.19303, 0.284485, 0.246589]
            ]
          }, {
            "db": 0,
            "id": "M10",
            "alt": "O10",
            "len": 30,
            "nsites": 2579,
            "evalue": "1.3e-003",
            "pwm": [
              [0.273361, 0.231874, 0.233813, 0.260954], 
              [0.240791, 0.254362, 0.233813, 0.271034], 
              [0.259015, 0.251648, 0.256301, 0.233037], 
              [0.265606, 0.245832, 0.252036, 0.236527], 
              [0.235364, 0.251648, 0.224507, 0.288483], 
              [0.300502, 0.25126, 0.219854, 0.228384], 
              [0.269483, 0.291196, 0.211323, 0.227996], 
              [0.255913, 0.318725, 0.223343, 0.202018], 
              [0.271422, 0.25475, 0.28383, 0.189998], 
              [0.284218, 0.241954, 0.246995, 0.226833], 
              [0.295849, 0.240791, 0.22218, 0.241179], 
              [0.27181, 0.209385, 0.286544, 0.232262], 
              [0.22916, 0.262505, 0.212099, 0.296237], 
              [0.335786, 0.222568, 0.216364, 0.225282], 
              [0.328807, 0.146185, 0.217139, 0.307869], 
              [0.356336, 0.0651492, 0.294298, 0.284218], 
              [0.0383952, 0.0608833, 0.810757, 0.0899632], 
              [0.00427453, 0.968564, 0.000784663, 0.0263757], 
              [0.0387832, 9.6933e-06, 0.956158, 0.0050505], 
              [0.0981059, 0.771209, 0.0794946, 0.0511907], 
              [0.31795, 0.217139, 0.119043, 0.345866], 
              [0.275687, 0.282667, 0.161306, 0.28034], 
              [0.219466, 0.229935, 0.206671, 0.343928], 
              [0.295849, 0.217139, 0.224507, 0.262505], 
              [0.229935, 0.27685, 0.226445, 0.266769], 
              [0.20861, 0.285381, 0.238077, 0.267932], 
              [0.218303, 0.222956, 0.246607, 0.312134], 
              [0.182244, 0.278789, 0.269871, 0.269096], 
              [0.211711, 0.228384, 0.318725, 0.241179], 
              [0.211711, 0.240016, 0.290033, 0.25824]
            ]
          }, {
            "db": 0,
            "id": "M100",
            "alt": "O100",
            "len": 30,
            "nsites": 2581,
            "evalue": "1.3e-003",
            "pwm": [
              [0.161568, 0.294845, 0.266175, 0.277411], 
              [0.29097, 0.321578, 0.244866, 0.142584], 
              [0.275086, 0.207673, 0.19915, 0.318091], 
              [0.206124, 0.310343, 0.302981, 0.180553], 
              [0.229369, 0.322353, 0.219296, 0.228982], 
              [0.334364, 0.160018, 0.138322, 0.367294], 
              [0.120888, 0.297557, 0.402164, 0.179391], 
              [0.199925, 0.294845, 0.287872, 0.217359], 
              [0.300269, 0.303369, 0.184815, 0.211547], 
              [0.244866, 0.216196, 0.242154, 0.296782], 
              [0.276636, 0.231307, 0.37853, 0.113527], 
              [0.247578, 0.13716, 0.139485, 0.475776], 
              [0.0883443, 0.462991, 0.392865, 0.0557995], 
              [0.691188, 0.219296, 0.0654851, 0.0240308], 
              [0.870181, 0.018606, 0.0313915, 0.0798206], 
              [0.0337164, 0.00272158, 0.934107, 0.0294545], 
              [0.0895062, 0.0511507, 0.82214, 0.0372032], 
              [0.0643232, 0.096093, 0.0372032, 0.802381], 
              [0.22472, 0.51142, 0.181716, 0.0821455], 
              [0.605178, 0.149946, 0.104229, 0.140647], 
              [0.400226, 0.105779, 0.156145, 0.337851], 
              [0.263463, 0.213872, 0.23983, 0.282835], 
              [0.375043, 0.332426, 0.15537, 0.13716], 
              [0.299494, 0.223558, 0.197987, 0.278961], 
              [0.200699, 0.300269, 0.324677, 0.174354], 
              [0.215421, 0.318091, 0.280123, 0.186364], 
              [0.265787, 0.232082, 0.177841, 0.32429], 
              [0.166218, 0.260364, 0.349473, 0.223945], 
              [0.209998, 0.331651, 0.222395, 0.235956], 
              [0.28051, 0.19915, 0.153433, 0.366907]
            ]
          }, {
            "db": 0,
            "id": "M1000",
            "alt": "O1000",
            "len": 30,
            "nsites": 2582,
            "evalue": "1.3e-003",
            "pwm": [
              [0.240511, 0.0255707, 0.596811, 0.137107], 
              [0.26917, 0.101865, 0.563505, 0.0654601], 
              [0.068171, 0.321453, 0.253292, 0.357084], 
              [0.06972, 0.549949, 0.0728189, 0.307512], 
              [0.131686, 0.783093, 0.0495818, 0.0356393], 
              [0.490696, 0.133622, 0.0503567, 0.325326], 
              [0.297442, 0.225795, 0.296667, 0.180096], 
              [0.017825, 0.237413, 0.394262, 0.350499], 
              [0.666522, 0.0127902, 0.264523, 0.0561655], 
              [0.0108533, 0.189003, 0.768377, 0.0317665], 
              [0.302864, 0.217662, 0.182032, 0.297442], 
              [0.33191, 0.149501, 0.454291, 0.0642982], 
              [0.0317665, 0.5271, 0.270332, 0.170801], 
              [0.0921831, 0.724614, 0.043385, 0.139818], 
              [0.234315, 0.385355, 0.0979919, 0.282338], 
              [0.0883103, 0.425245, 0.25213, 0.234315], 
              [0.0468709, 0.577059, 0.094506, 0.281564], 
              [0.112321, 0.203333, 0.221147, 0.463199], 
              [0.177385, 0.262973, 0.189003, 0.370638], 
              [0.147564, 0.285824, 0.20798, 0.358633], 
              [0.234315, 0.102252, 0.342754, 0.320679], 
              [0.146789, 0.352436, 0.314483, 0.186292], 
              [0.0875353, 0.3931, 0.329974, 0.18939], 
              [0.218824, 0.356696, 0.140205, 0.284275], 
              [0.149888, 0.27924, 0.374511, 0.196361], 
              [0.297055, 0.17235, 0.374898, 0.155697], 
              [0.201009, 0.330361, 0.299378, 0.169252], 
              [0.212627, 0.234315, 0.211852, 0.341204], 
              [0.119292, 0.239349, 0.250968, 0.39039], 
              [0.196361, 0.22502, 0.229668, 0.34895]
            ]
          }, {
            "db": 0,
            "id": "M1001",
            "alt": "O1001",
            "len": 30,
            "nsites": 338,
            "evalue": "1.3e-003",
            "pwm": [
              [0.248521, 0.245563, 0.248521, 0.257394], 
              [0.174578, 0.334295, 0.224859, 0.266267], 
              [0.204156, 0.325422, 0.239648, 0.230775], 
              [0.192325, 0.31359, 0.183452, 0.310633], 
              [0.254437, 0.130213, 0.316548, 0.298803], 
              [0.248521, 0.118382, 0.428941, 0.204156], 
              [0.195282, 0.245563, 0.390491, 0.168663], 
              [0.171621, 0.31359, 0.286971, 0.227818], 
              [0.145001, 0.53246, 0.150917, 0.171621], 
              [0.357956, 0.112467, 0.168663, 0.360914], 
              [0.34021, 0.189367, 0.189367, 0.281056], 
              [7.39426e-05, 0.491053, 0.0740161, 0.434856], 
              [0.7395, 0.00598919, 0.245563, 0.00894732], 
              [0.00303207, 0.304718, 0.553164, 0.139086], 
              [0.0178197, 0.547249, 0.00598919, 0.428941], 
              [0.204156, 0.162748, 0.45556, 0.177536], 
              [0.0473969, 0.718796, 0.109509, 0.124297], 
              [0.0710589, 0.834147, 0.0178197, 0.0769742], 
              [0.331337, 0.440772, 0.0681008, 0.15979], 
              [0.0976781, 0.559081, 0.0326083, 0.310633], 
              [0.0888047, 0.860766, 0.00894732, 0.0414817], 
              [0.115425, 0.260352, 0.0444398, 0.579784], 
              [0.289929, 0.183452, 0.281056, 0.245563], 
              [0.103593, 0.570911, 0.284014, 0.0414817], 
              [0.242606, 0.130213, 0.0148626, 0.612319], 
              [0.00303207, 0.00303207, 0.979074, 0.0148626], 
              [0.0828894, 0.0503551, 0.7395, 0.127255], 
              [0.239648, 0.372745, 0.127255, 0.260352], 
              [0.189367, 0.369787, 0.183452, 0.257394], 
              [0.275141, 0.192325, 0.307675, 0.224859]
            ]
          }, {
            "db": 0,
            "id": "M1002",
            "alt": "O1002",
            "len": 30,
            "nsites": 420,
            "evalue": "1.3e-003",
            "pwm": [
              [0.209534, 0.154785, 0.485658, 0.150024], 
              [0.197631, 0.207153, 0.373781, 0.221436], 
              [0.0167225, 0.926029, 0.0286237, 0.0286237], 
              [0.00482038, 0.983158, 0.00243994, 0.00958124], 
              [0.540407, 0.0405259, 0.171448, 0.24762], 
              [0.019103, 0.590395, 0.295227, 0.0952748], 
              [0.257141, 0.169067, 0.302369, 0.271424], 
              [0.233337, 0.090514, 0.542787, 0.133361], 
              [0.126219, 0.0786118, 0.659427, 0.135741], 
              [0.0928944, 0.0119617, 0.814152, 0.0809922], 
              [0.238098, 0.204773, 0.321412, 0.235717], 
              [0.0333846, 0.0143421, 0.821293, 0.13098], 
              [0.0452867, 0.0405259, 0.828433, 0.0857531], 
              [0.133361, 0.540407, 0.0928944, 0.233337], 
              [0.280945, 0.00482038, 0.690371, 0.0238638], 
              [0.0738519, 0.49518, 0.307129, 0.12384], 
              [0.138122, 0.264283, 0.207153, 0.390443], 
              [0.18811, 0.366639, 0.397584, 0.0476672], 
              [0.154785, 0.178588, 0.323792, 0.342835], 
              [0.226196, 0.238098, 0.154785, 0.380921], 
              [0.107177, 0.185729, 0.585634, 0.12146], 
              [0.216675, 0.214295, 0.321412, 0.24762], 
              [0.12384, 0.349976, 0.307129, 0.219055], 
              [0.090514, 0.573733, 0.107177, 0.228576], 
              [0.207153, 0.30951, 0.13098, 0.352357], 
              [0.330933, 0.173828, 0.36902, 0.126219], 
              [0.216675, 0.280945, 0.285705, 0.216675], 
              [0.166687, 0.266663, 0.402345, 0.164306], 
              [0.257141, 0.219055, 0.276184, 0.24762], 
              [0.330933, 0.176208, 0.283325, 0.209534]
            ]
          }, {
            "db": 0,
            "id": "M1003",
            "alt": "O1003",
            "len": 30,
            "nsites": 2576,
            "evalue": "1.3e-003",
            "pwm": [
              [0.188278, 0.239907, 0.244565, 0.327249], 
              [0.155672, 0.325308, 0.130828, 0.388194], 
              [0.310557, 0.187502, 0.0889043, 0.413037], 
              [0.277173, 0.303181, 0.152954, 0.266692], 
              [0.313663, 0.137426, 0.15606, 0.392851], 
              [0.450691, 0.111806, 0.0384402, 0.399062], 
              [0.222439, 0.292312, 0.103267, 0.381983], 
              [0.172751, 0.0306765, 0.279502, 0.517071], 
              [0.0477559, 0.094338, 0.143249, 0.714656], 
              [0.294253, 0.439822, 0.121511, 0.144414], 
              [0.18789, 0.590826, 0.0597904, 0.161494], 
              [0.683213, 0.0403811, 0.0341694, 0.242236], 
              [0.234085, 0.196042, 0.421577, 0.148296], 
              [0.285325, 0.0815285, 0.226321, 0.406826], 
              [0.384312, 0.0912332, 0.177798, 0.346657], 
              [0.116465, 0.0725999, 0.417308, 0.393628], 
              [0.483298, 0.0275706, 0.321037, 0.168093], 
              [0.458843, 0.112194, 0.116853, 0.31211], 
              [0.470488, 0.148296, 0.280667, 0.100549], 
              [0.283772, 0.0485328, 0.438658, 0.229038], 
              [0.315603, 0.186726, 0.170422, 0.327249], 
              [0.558994, 0.043098, 0.261646, 0.136262], 
              [0.0539676, 0.13665, 0.510083, 0.299299], 
              [0.57685, 0.0803636, 0.136262, 0.206524], 
              [0.0384402, 0.0753178, 0.632749, 0.253494], 
              [0.236414, 0.177022, 0.189443, 0.397121], 
              [0.0733769, 0.0857984, 0.625761, 0.215063], 
              [0.255435, 0.045039, 0.352869, 0.346657], 
              [0.263586, 0.374219, 0.168481, 0.193713], 
              [0.336954, 0.202642, 0.242236, 0.218169]
            ]
          }, {
            "db": 0,
            "id": "M1004",
            "alt": "O1004",
            "len": 30,
            "nsites": 2582,
            "evalue": "1.3e-003",
            "pwm": [
              [0.175448, 0.241286, 0.404332, 0.178934], 
              [0.15957, 0.213401, 0.335783, 0.291245], 
              [0.197523, 0.443448, 0.184744, 0.174287], 
              [0.30635, 0.305962, 0.1282, 0.259489], 
              [0.104963, 0.252517, 0.311385, 0.331136], 
              [0.251743, 0.238575, 0.340043, 0.169639], 
              [0.152986, 0.508511, 0.242448, 0.096056], 
              [0.345852, 0.068559, 0.0673971, 0.518193], 
              [0.0449339, 0.48721, 0.397748, 0.070108], 
              [0.608429, 0.105351, 0.115032, 0.171188], 
              [0.0046575, 0.20798, 0.710671, 0.0766917], 
              [0.283113, 0.17661, 0.0360273, 0.50425], 
              [0.187841, 0.619661, 0.183969, 0.00853035], 
              [0.51858, 0.0313795, 0.0325414, 0.4175], 
              [0.01705, 0.149501, 0.750175, 0.0832755], 
              [0.641348, 0.218824, 0.0127902, 0.127038], 
              [0.190165, 0.1069, 0.633215, 0.06972], 
              [0.110772, 0.477915, 0.163055, 0.248257], 
              [0.0910212, 0.546465, 0.168864, 0.19365], 
              [0.238575, 0.160344, 0.176223, 0.424857], 
              [0.200234, 0.238187, 0.399297, 0.16228], 
              [0.228506, 0.164217, 0.298604, 0.308673], 
              [0.116969, 0.593325, 0.147564, 0.142142], 
              [0.341204, 0.0910212, 0.141367, 0.426407], 
              [0.0875353, 0.315256, 0.309061, 0.288148], 
              [0.310997, 0.270332, 0.255616, 0.163055], 
              [0.305962, 0.351274, 0.196361, 0.146402], 
              [0.226182, 0.218824, 0.252517, 0.302477], 
              [0.195587, 0.429892, 0.146015, 0.228506], 
              [0.362893, 0.194812, 0.127038, 0.315256]
            ]
          }, {
            "db": 0,
            "id": "M1005",
            "alt": "O1005",
            "len": 30,
            "nsites": 2582,
            "evalue": "1.3e-003",
            "pwm": [
              [0.275367, 0.320291, 0.213789, 0.190552], 
              [0.292794, 0.149113, 0.329586, 0.228506], 
              [0.239737, 0.343528, 0.218049, 0.198685], 
              [0.225408, 0.198298, 0.340043, 0.236252], 
              [0.309835, 0.194425, 0.33191, 0.163829], 
              [0.47714, 0.130911, 0.265685, 0.126264], 
              [0.21224, 0.349725, 0.333072, 0.104963], 
              [0.0797896, 0.147951, 0.0979919, 0.674268], 
              [0.00930432, 0.888434, 0.0774657, 0.0247957], 
              [0.0302175, 0.0073684, 0.00775538, 0.954659], 
              [0.00853035, 0.122391, 0.852417, 0.016663], 
              [0.0213099, 0.790064, 0.150662, 0.0379632], 
              [0.405881, 0.0472579, 0.043773, 0.503088], 
              [0.134783, 0.520517, 0.197911, 0.146789], 
              [0.199072, 0.515482, 0.0852114, 0.200234], 
              [0.125489, 0.309061, 0.250968, 0.314483], 
              [0.136332, 0.307899, 0.191714, 0.364055], 
              [0.196361, 0.383031, 0.305575, 0.115032], 
              [0.268396, 0.231604, 0.218436, 0.281564], 
              [0.272656, 0.376835, 0.250581, 0.0999288], 
              [0.3718, 0.261038, 0.147177, 0.219986], 
              [0.286211, 0.11387, 0.378771, 0.221147], 
              [0.376447, 0.197911, 0.218436, 0.207206], 
              [0.370251, 0.219598, 0.228119, 0.182032], 
              [0.27924, 0.241673, 0.340043, 0.139044], 
              [0.335009, 0.250968, 0.237413, 0.17661], 
              [0.256003, 0.209142, 0.262973, 0.271881], 
              [0.253679, 0.373736, 0.185131, 0.187454], 
              [0.202171, 0.321453, 0.195587, 0.280789], 
              [0.248257, 0.253292, 0.204495, 0.293956]
            ]
          }, {
            "db": 0,
            "id": "M1006",
            "alt": "O1006",
            "len": 30,
            "nsites": 2582,
            "evalue": "1.3e-003",
            "pwm": [
              [0.269557, 0.427181, 0.147177, 0.156085], 
              [0.120454, 0.26917, 0.214951, 0.395424], 
              [0.199847, 0.192876, 0.266459, 0.340817], 
              [0.152599, 0.372187, 0.175448, 0.299766], 
              [0.221147, 0.171575, 0.146789, 0.460488], 
              [0.282338, 0.156085, 0.382644, 0.178934], 
              [0.215725, 0.326101, 0.0670091, 0.391165], 
              [0.419435, 0.268783, 0.17661, 0.135171], 
              [0.502314, 0.207593, 0.225795, 0.0642982], 
              [0.653741, 0.0619743, 0.195587, 0.0886972], 
              [0.15957, 0.0794026, 0.705637, 0.0553905], 
              [0.255229, 0.237027, 0.324939, 0.182807], 
              [0.150275, 0.57977, 0.0716569, 0.198298], 
              [0.235477, 0.150275, 0.457002, 0.157246], 
              [0.147564, 0.0364143, 0.780382, 0.0356393], 
              [0.15531, 0.371413, 0.442286, 0.0309925], 
              [0.297055, 0.431441, 0.19365, 0.0778537], 
              [0.149888, 0.448869, 0.0821135, 0.319129], 
              [0.180483, 0.154148, 0.0592634, 0.606105], 
              [0.168477, 0.393875, 0.0650732, 0.372574], 
              [0.0519057, 0.422534, 0.044547, 0.481013], 
              [0.256003, 0.109997, 0.443448, 0.190552], 
              [0.0519057, 0.269945, 0.500765, 0.177385], 
              [0.221535, 0.479077, 0.129362, 0.170026], 
              [0.14524, 0.506574, 0.186292, 0.161893], 
              [0.330748, 0.26491, 0.0832755, 0.321066], 
              [0.0797896, 0.223858, 0.621597, 0.0747548], 
              [0.360182, 0.127813, 0.258714, 0.253292], 
              [0.368314, 0.221922, 0.214176, 0.195587], 
              [0.120454, 0.350112, 0.438413, 0.0910212]
            ]
          }, {
            "db": 0,
            "id": "M1007",
            "alt": "O1007",
            "len": 30,
            "nsites": 2533,
            "evalue": "1.3e-003",
            "pwm": [
              [0.360833, 0.202923, 0.213187, 0.223057], 
              [0.212792, 0.193449, 0.099098, 0.49466], 
              [0.223846, 0.486371, 0.166209, 0.123574], 
              [0.135812, 0.381756, 0.150419, 0.332014], 
              [0.407021, 0.284247, 0.153182, 0.155551], 
              [0.394388, 0.098308, 0.140944, 0.366359], 
              [0.298853, 0.392414, 0.13897, 0.169762], 
              [0.0540937, 0.0608045, 0.0201431, 0.864958], 
              [0.262928, 0.608356, 0.021328, 0.107389], 
              [0.0552777, 0.123969, 0.0252749, 0.795477], 
              [0.549139, 0.17371, 0.0489619, 0.228189], 
              [0.140944, 0.414522, 0.0359345, 0.4086], 
              [0.314644, 0.121205, 0.227794, 0.336357], 
              [0.341883, 0.295695, 0.116862, 0.245559], 
              [0.378597, 0.178842, 0.0402763, 0.402284], 
              [0.240426, 0.148445, 0.0134323, 0.597696], 
              [0.335567, 0.241611, 0.020933, 0.401889], 
              [0.492292, 0.0892283, 0.0584366, 0.360043], 
              [0.337936, 0.0300127, 0.183975, 0.448077], 
              [0.435445, 0.0375134, 0.157525, 0.369517], 
              [0.417285, 0.142128, 0.0576466, 0.38294], 
              [0.343067, 0.114099, 0.0837016, 0.459131], 
              [0.37386, 0.0533038, 0.121205, 0.45163], 
              [0.449656, 0.0540937, 0.0631734, 0.433076], 
              [0.251875, 0.21674, 0.0939662, 0.437419], 
              [0.264507, 0.182395, 0.143707, 0.40939], 
              [0.248322, 0.113704, 0.225425, 0.412548], 
              [0.336752, 0.22661, 0.207661, 0.228978], 
              [0.263718, 0.365175, 0.140154, 0.230952], 
              [0.240426, 0.143707, 0.23569, 0.380177]
            ]
          }, {
            "db": 0,
            "id": "M1008",
            "alt": "O1008",
            "len": 30,
            "nsites": 2581,
            "evalue": "1.3e-003",
            "pwm": [
              [0.355285, 0.219296, 0.228595, 0.196825], 
              [0.342111, 0.216196, 0.275474, 0.166218], 
              [0.282835, 0.301044, 0.177454, 0.238667], 
              [0.22317, 0.331264, 0.192176, 0.25339], 
              [0.220846, 0.13716, 0.219683, 0.42231], 
              [0.215421, 0.258814, 0.192563, 0.333201], 
              [0.287484, 0.16583, 0.382792, 0.163893], 
              [0.259202, 0.119339, 0.34986, 0.271599], 
              [0.280123, 0.295232, 0.288647, 0.135998], 
              [0.329714, 0.274311, 0.183653, 0.212322], 
              [0.464928, 0.0879563, 0.234406, 0.212709], 
              [0.206899, 0.307243, 0.42386, 0.0619983], 
              [0.185976, 0.411075, 0.185589, 0.217359], 
              [0.146459, 0.376593, 0.184428, 0.29252], 
              [0.401776, 0.0895062, 0.311505, 0.197212], 
              [0.300657, 0.180553, 0.401389, 0.117401], 
              [0.245641, 0.150721, 0.446331, 0.157307], 
              [0.460666, 0.232082, 0.168542, 0.13871], 
              [0.225108, 0.0774957, 0.526142, 0.171254], 
              [0.208448, 0.103454, 0.569147, 0.118951], 
              [0.04224, 0.271212, 0.206124, 0.480425], 
              [0.0364283, 0.148009, 0.246804, 0.56876], 
              [0.09493, 0.00427152, 0.691963, 0.208836], 
              [0.263075, 0.188689, 0.295232, 0.253003], 
              [0.0104703, 0.00969531, 0.971301, 0.00853336], 
              [0.16893, 0.00117164, 0.82059, 0.00930833], 
              [0.0158941, 0.151883, 0.151496, 0.680727], 
              [0.0135702, 0.306856, 0.171642, 0.507933], 
              [0.493598, 0.148396, 0.191788, 0.166218], 
              [0.15382, 0.439358, 0.153045, 0.253778]
            ]
          }, {
            "db": 0,
            "id": "M1009",
            "alt": "O1009",
            "len": 30,
            "nsites": 2582,
            "evalue": "1.3e-003",
            "pwm": [
              [0.0581024, 0.50425, 0.307512, 0.130137], 
              [0.207206, 0.460488, 0.18242, 0.149888], 
              [0.202558, 0.526712, 0.0805646, 0.190165], 
              [0.475591, 0.109223, 0.227731, 0.187454], 
              [0.379933, 0.0906332, 0.374898, 0.154535], 
              [0.095281, 0.2165, 0.13246, 0.555759], 
              [0.214951, 0.273043, 0.434927, 0.0770787], 
              [0.25794, 0.340817, 0.143304, 0.25794], 
              [0.0213099, 0.837312, 0.106125, 0.0352523], 
              [0.540268, 0.0859864, 0.178159, 0.195587], 
              [0.147951, 0.496504, 0.15957, 0.195974], 
              [0.142529, 0.266846, 0.207593, 0.383031], 
              [0.164604, 0.0964429, 0.233928, 0.505025], 
              [0.195974, 0.180483, 0.188228, 0.435314], 
              [0.1952, 0.335783, 0.271107, 0.197911], 
              [0.387292, 0.20798, 0.159183, 0.245546], 
              [0.33772, 0.190939, 0.442673, 0.0286686], 
              [0.0306045, 0.256778, 0.068171, 0.644447], 
              [0.0836624, 0.326875, 0.551886, 0.0375762], 
              [0.30054, 0.270719, 0.234315, 0.194425], 
              [0.06972, 0.719967, 0.0751428, 0.135171], 
              [0.311385, 0.280402, 0.0666221, 0.341592], 
              [0.155697, 0.0406741, 0.139431, 0.664198], 
              [0.187066, 0.192876, 0.351661, 0.268396], 
              [0.127813, 0.266072, 0.442673, 0.163442], 
              [0.309061, 0.233928, 0.341592, 0.115419], 
              [0.312546, 0.281176, 0.271881, 0.134396], 
              [0.200622, 0.221147, 0.34043, 0.2378], 
              [0.330361, 0.191327, 0.276529, 0.201784], 
              [0.268008, 0.234315, 0.158021, 0.339656]
            ]
          }, {
            "db": 0,
            "id": "M101",
            "alt": "O101",
            "len": 30,
            "nsites": 1002,
            "evalue": "1.3e-003",
            "pwm": [
              [0.266465, 0.270457, 0.180646, 0.282432], 
              [0.292411, 0.213577, 0.200604, 0.293409], 
              [0.289417, 0.232537, 0.160688, 0.317358], 
              [0.288419, 0.196612, 0.194617, 0.320352], 
              [0.33532, 0.185635, 0.186633, 0.292411], 
              [0.319354, 0.182642, 0.203598, 0.294407], 
              [0.254491, 0.203598, 0.238524, 0.303388], 
              [0.268461, 0.189627, 0.258482, 0.28343], 
              [0.252495, 0.190625, 0.23553, 0.32135], 
              [0.227547, 0.239522, 0.247505, 0.285425], 
              [0.163682, 0.230541, 0.196612, 0.409166], 
              [0.0878402, 0.421141, 0.167673, 0.323346], 
              [0.0838486, 0.360268, 0.0559074, 0.499975], 
              [0.416151, 0.0708759, 0.0449305, 0.468042], 
              [0.0279662, 0.0579032, 0.0359494, 0.878181], 
              [0.0818528, 0.0169893, 0.019983, 0.881175], 
              [0.173661, 0.290415, 0.429124, 0.1068], 
              [0.338314, 0.0110019, 0.0139956, 0.636688], 
              [0.173661, 0.224554, 0.188629, 0.413158], 
              [0.747455, 0.0319578, 0.0738696, 0.146717], 
              [0.0549095, 0.0359494, 0.0479242, 0.861216], 
              [0.0519158, 0.0279662, 0.609744, 0.310373], 
              [0.0549095, 0.395196, 0.169669, 0.380227], 
              [0.627707, 0.0249725, 0.0279662, 0.319354], 
              [0.628705, 0.0379452, 0.205593, 0.127757], 
              [0.788369, 0.039941, 0.0718738, 0.099815], 
              [0.242516, 0.0828507, 0.138734, 0.535899], 
              [0.225551, 0.153703, 0.252495, 0.368251], 
              [0.312369, 0.190625, 0.209585, 0.287421], 
              [0.290415, 0.213577, 0.195614, 0.300394]
            ]
          }, {
            "db": 0,
            "id": "M1010",
            "alt": "O1010",
            "len": 30,
            "nsites": 2582,
            "evalue": "1.3e-003",
            "pwm": [
              [0.226957, 0.112321, 0.475204, 0.185517], 
              [0.115032, 0.418273, 0.400459, 0.0662351], 
              [0.195974, 0.132848, 0.208368, 0.462812], 
              [0.146015, 0.489147, 0.20372, 0.161118], 
              [0.11813, 0.181258, 0.188615, 0.511996], 
              [0.214563, 0.448869, 0.183582, 0.152986], 
              [0.243997, 0.266846, 0.315256, 0.173899], 
              [0.320679, 0.28776, 0.230443, 0.161118], 
              [0.175061, 0.457777, 0.130524, 0.236639], 
              [0.223858, 0.561568, 0.105351, 0.109223], 
              [0.272656, 0.428343, 0.131299, 0.167702], 
              [0.645221, 0.0999288, 0.156085, 0.0987669], 
              [0.211465, 0.0886972, 0.650255, 0.0495818], 
              [0.187066, 0.234315, 0.516644, 0.0619743], 
              [0.221147, 0.484112, 0.206818, 0.0879223], 
              [0.348563, 0.239737, 0.295505, 0.116194], 
              [0.0391252, 0.223084, 0.25639, 0.481401], 
              [0.0677841, 0.37606, 0.160731, 0.395424], 
              [0.0302175, 0.506187, 0.044547, 0.419048], 
              [0.0391252, 0.197911, 0.174287, 0.588678], 
              [0.0581024, 0.0937321, 0.278853, 0.569314], 
              [0.204495, 0.0879223, 0.468234, 0.239349], 
              [0.068171, 0.0410611, 0.771475, 0.119292], 
              [0.321066, 0.339656, 0.150275, 0.189003], 
              [0.326101, 0.179709, 0.095281, 0.39891], 
              [0.259101, 0.137882, 0.184744, 0.418273], 
              [0.306737, 0.0306045, 0.491083, 0.171575], 
              [0.190165, 0.400071, 0.263361, 0.146402], 
              [0.197136, 0.384968, 0.219211, 0.198685], 
              [0.231217, 0.417113, 0.18242, 0.169252]
            ]
          }, {
            "db": 0,
            "id": "M1011",
            "alt": "O1011",
            "len": 30,
            "nsites": 2582,
            "evalue": "1.3e-003",
            "pwm": [
              [0.329586, 0.32765, 0.18242, 0.160344], 
              [0.286211, 0.249032, 0.206431, 0.258327], 
              [0.340817, 0.209917, 0.25639, 0.192876], 
              [0.184744, 0.187454, 0.301315, 0.326488], 
              [0.223471, 0.282726, 0.246708, 0.247095], 
              [0.185517, 0.17661, 0.468234, 0.169639], 
              [0.441511, 0.0813385, 0.418661, 0.0584894], 
              [0.492245, 0.195587, 0.133622, 0.178547], 
              [0.41324, 0.332298, 0.0596514, 0.194812], 
              [0.0569405, 0.469396, 0.0364143, 0.437251], 
              [0.108448, 0.528262, 0.0216978, 0.341592], 
              [0.2835, 0.0484198, 0.344303, 0.323777], 
              [0.146015, 0.00543147, 0.841185, 0.0073684], 
              [0.0383502, 0.00426952, 0.676978, 0.280402], 
              [0.249419, 0.0147261, 0.139431, 0.596424], 
              [0.0298305, 0.630504, 0.0553905, 0.284275], 
              [0.0623623, 0.702538, 0.0294435, 0.205657], 
              [0.100703, 0.329974, 0.150275, 0.419048], 
              [0.216887, 0.113096, 0.121229, 0.548787], 
              [0.238575, 0.223858, 0.242835, 0.294731], 
              [0.175061, 0.225795, 0.183582, 0.415563], 
              [0.166153, 0.221147, 0.224246, 0.388454], 
              [0.211465, 0.371025, 0.236252, 0.181258], 
              [0.151824, 0.240511, 0.295893, 0.311772], 
              [0.161118, 0.326875, 0.393487, 0.118518], 
              [0.166541, 0.409367, 0.186292, 0.2378], 
              [0.230443, 0.288535, 0.131299, 0.349725], 
              [0.275367, 0.171188, 0.201009, 0.352436], 
              [0.242835, 0.139431, 0.309835, 0.307899], 
              [0.313708, 0.19946, 0.285437, 0.201396]
            ]
          }, {
            "db": 0,
            "id": "M1012",
            "alt": "O1012",
            "len": 30,
            "nsites": 2581,
            "evalue": "1.3e-003",
            "pwm": [
              [0.176679, 0.0972549, 0.320803, 0.405263], 
              [0.271212, 0.47965, 0.220846, 0.0282926], 
              [0.0298415, 0.0383652, 0.00272158, 0.929071], 
              [0.017444, 0.112752, 0.700487, 0.169317], 
              [0.714821, 0.0302295, 0.197212, 0.0577374], 
              [0.0836944, 0.018994, 0.803156, 0.094156], 
              [0.0255797, 0.917835, 0.00620845, 0.0503757], 
              [0.25184, 0.0147321, 0.0472769, 0.686151], 
              [0.357222, 0.197987, 0.38008, 0.0647112], 
              [0.29097, 0.109265, 0.467253, 0.132512], 
              [0.205349, 0.403713, 0.1976, 0.193338], 
              [0.277411, 0.418048, 0.165055, 0.139485], 
              [0.185589, 0.269662, 0.323902, 0.220846], 
              [0.261914, 0.183265, 0.379693, 0.175129], 
              [0.318866, 0.15382, 0.360321, 0.166993], 
              [0.308793, 0.15537, 0.372331, 0.163506], 
              [0.218521, 0.278186, 0.329714, 0.173579], 
              [0.206124, 0.332426, 0.281285, 0.180166], 
              [0.244866, 0.301819, 0.216196, 0.237117], 
              [0.31073, 0.21116, 0.222783, 0.255327], 
              [0.163893, 0.308406, 0.308018, 0.219683], 
              [0.307243, 0.298719, 0.216971, 0.177066], 
              [0.192176, 0.285547, 0.304144, 0.218134], 
              [0.168155, 0.376593, 0.278186, 0.177066], 
              [0.315766, 0.248741, 0.215809, 0.219683], 
              [0.213872, 0.279736, 0.247191, 0.259202], 
              [0.208061, 0.271987, 0.244866, 0.275086], 
              [0.229757, 0.296007, 0.234019, 0.240217], 
              [0.216584, 0.305306, 0.270824, 0.207286], 
              [0.317316, 0.16893, 0.274311, 0.239442]
            ]
          }, {
            "db": 0,
            "id": "M1013",
            "alt": "O1013",
            "len": 30,
            "nsites": 2582,
            "evalue": "1.3e-003",
            "pwm": [
              [0.219986, 0.262587, 0.344303, 0.173125], 
              [0.254454, 0.171188, 0.274592, 0.299766], 
              [0.199847, 0.225408, 0.360569, 0.214176], 
              [0.176223, 0.194425, 0.353985, 0.275367], 
              [0.271107, 0.216113, 0.273818, 0.238962], 
              [0.267621, 0.163829, 0.311772, 0.256778], 
              [0.309835, 0.274592, 0.256778, 0.158796], 
              [0.258714, 0.283113, 0.209142, 0.249032], 
              [0.416338, 0.173899, 0.222697, 0.187066], 
              [0.175836, 0.210304, 0.352823, 0.261038], 
              [0.271107, 0.182032, 0.247483, 0.299378], 
              [0.208755, 0.327263, 0.348176, 0.115807], 
              [0.233928, 0.230443, 0.270719, 0.26491], 
              [0.277303, 0.198685, 0.278853, 0.245159], 
              [0.250968, 0.175836, 0.359407, 0.213789], 
              [0.324552, 0.228893, 0.135558, 0.310997], 
              [0.276916, 0.265685, 0.125489, 0.33191], 
              [0.247095, 0.290083, 0.225408, 0.237413], 
