<!DOCTYPE HTML>
<html>
  <head>
    <meta charset="UTF-8">
    <title>TOMTOM</title>
    <script>
      // @JSON_VAR data
      var data = {
        "program": "Tomtom",
        "version": "4.11.0",
        "release": "Thu Nov 26 17:48:49 2015 +1000",
        "cmd": [
          "tomtom", "-no-ssc", "-oc", "DanQ_TOMTOM", "-verbosity", "4",
          "-min-overlap", "5", "-dist", "pearson", "-evalue", "-thresh",
          "0.01", "DanQ.meme",
          "/data/users/dxquang/meme_4.11.0/motif_databases/EUKARYOTE/jolma2013.meme",
          "/data/users/dxquang/meme_4.11.0/motif_databases/JASPAR/JASPAR_CORE_2016_vertebrates.meme",
          "/data/users/dxquang/meme_4.11.0/motif_databases/MOUSE/uniprobe_mouse.meme"
        ],
        "options": {
          "strands": "both",
          "distance_measure": "pearson",
          "threshold_type": "evalue",
          "threshold_value": 0.01,
          "background_source": "first_target"
        },
        "alphabet": {
          "name": "DNA",
          "like": "dna",
          "ncore": 4,
          "symbols": [
            {
              "symbol": "A",
              "name": "Adenine",
              "colour": "CC0000",
              "complement": "T"
            }, {
              "symbol": "C",
              "name": "Cytosine",
              "colour": "0000CC",
              "complement": "G"
            }, {
              "symbol": "G",
              "name": "Guanine",
              "colour": "FFB300",
              "complement": "C"
            }, {
              "symbol": "T",
              "aliases": "U",
              "name": "Thymine",
              "colour": "008000",
              "complement": "A"
            }, {
              "symbol": "N",
              "aliases": "X.",
              "name": "Any base",
              "equals": "ACGT"
            }, {
              "symbol": "V",
              "name": "Not T",
              "equals": "ACG"
            }, {
              "symbol": "H",
              "name": "Not G",
              "equals": "ACT"
            }, {
              "symbol": "D",
              "name": "Not C",
              "equals": "AGT"
            }, {
              "symbol": "B",
              "name": "Not A",
              "equals": "CGT"
            }, {
              "symbol": "M",
              "name": "Amino",
              "equals": "AC"
            }, {
              "symbol": "R",
              "name": "Purine",
              "equals": "AG"
            }, {
              "symbol": "W",
              "name": "Weak",
              "equals": "AT"
            }, {
              "symbol": "S",
              "name": "Strong",
              "equals": "CG"
            }, {
              "symbol": "Y",
              "name": "Pyrimidine",
              "equals": "CT"
            }, {
              "symbol": "K",
              "name": "Keto",
              "equals": "GT"
            }
          ]
        },
        "background": [0.25, 0.25, 0.25, 0.25],
        "query_dbs": [
          {
            "source": "DanQ.meme",
            "name": "DanQ",
            "loaded": 320,
            "excluded": 0,
            "last_modified": "Fri Dec 18 09:10:40 2015"
          }
        ],
        "target_dbs": [
          {
            "source": "/data/users/dxquang/meme_4.11.0/motif_databases/EUKARYOTE/jolma2013.meme",
            "name": "jolma2013",
            "loaded": 843,
            "excluded": 0,
            "last_modified": "Mon Dec  7 16:08:34 2015"
          }, {
            "source": "/data/users/dxquang/meme_4.11.0/motif_databases/JASPAR/JASPAR_CORE_2016_vertebrates.meme",
            "name": "JASPAR CORE 2016 vertebrates",
            "loaded": 519,
            "excluded": 0,
            "last_modified": "Mon Dec  7 16:08:44 2015"
          }, {
            "source": "/data/users/dxquang/meme_4.11.0/motif_databases/MOUSE/uniprobe_mouse.meme",
            "name": "uniprobe mouse",
            "loaded": 386,
            "excluded": 0,
            "last_modified": "Mon Dec  7 16:14:23 2015"
          }
        ],
        "queries": [
          {
            "db": 0,
            "id": "M0",
            "alt": "O0",
            "len": 26,
            "nsites": 2567,
            "evalue": "1.3e-003",
            "pwm": [
              [0.271522, 0.18738, 0.236074, 0.305023], 
              [0.241527, 0.321384, 0.227504, 0.209585], 
              [0.357222, 0.252435, 0.118042, 0.272301], 
              [0.400851, 0.272301, 0.290999, 0.0358483], 
              [0.282819, 0.710539, 0.00156768, 0.00507354], 
              [0.999581, 9.73862e-06, 9.73862e-06, 0.000399723], 
              [0.000399723, 0.000788708, 9.73862e-06, 0.998802], 
              [9.73862e-06, 0.998413, 9.73862e-06, 0.00156768], 
              [0.483045, 0.295284, 0.0276677, 0.194003], 
              [0.136739, 0.509534, 0.126612, 0.227114], 
              [0.383322, 0.168293, 0.118431, 0.329954], 
              [0.271522, 0.159334, 0.347483, 0.221661], 
              [0.237242, 0.339304, 0.164008, 0.259447], 
              [0.271522, 0.272691, 0.182317, 0.27347], 
              [0.304244, 0.226335, 0.23101, 0.238411], 
              [0.261395, 0.295284, 0.201794, 0.241527], 
              [0.260616, 0.240748, 0.197898, 0.300738], 
              [0.211143, 0.221271, 0.249708, 0.317878], 
              [0.24815, 0.237631, 0.216207, 0.298011], 
              [0.267627, 0.29022, 0.202963, 0.23919], 
              [0.267237, 0.237242, 0.250877, 0.244644], 
              [0.292947, 0.240358, 0.234126, 0.232568], 
              [0.244254, 0.276586, 0.224387, 0.254772], 
              [0.277366, 0.252824, 0.206469, 0.263341], 
              [0.302296, 0.238021, 0.198288, 0.261395], 
              [0.29061, 0.216207, 0.239579, 0.253603]
            ]
          }, {
            "db": 0,
            "id": "M1",
            "alt": "O1",
            "len": 26,
            "nsites": 559,
            "evalue": "1.3e-003",
            "pwm": [
              [0.232561, 0.275487, 0.252236, 0.239716], 
              [0.252236, 0.146709, 0.350608, 0.250447], 
              [0.125246, 0.0358163, 0.711903, 0.127035], 
              [0.0751653, 0.195001, 0.592068, 0.137766], 
              [0.302317, 0.404265, 0.0537021, 0.239716], 
              [0.141343, 0.152075, 0.565239, 0.141343], 
              [0.032239, 0.88003, 0.032239, 0.0554908], 
              [0.0232966, 0.032239, 0.0250852, 0.919379], 
              [0.0554908, 0.171749, 0.731578, 0.0411824], 
              [0.0411824, 0.0590682, 0.0841087, 0.815641], 
              [0.0143532, 0.939054, 0.0232966, 0.0232966], 
              [0.0304503, 0.924745, 0.00719943, 0.037605], 
              [0.559873, 0.116303, 0.152075, 0.171749], 
              [0.280853, 0.128823, 0.162807, 0.427517], 
              [0.0733766, 0.0393937, 0.84247, 0.0447597], 
              [0.0268739, 0.0358163, 0.910437, 0.0268739], 
              [0.0250852, 0.042971, 0.0304503, 0.901493], 
              [0.150286, 0.227195, 0.536622, 0.0858974], 
              [0.042971, 0.801332, 0.0787426, 0.076954], 
              [0.0644342, 0.123458, 0.0393937, 0.772715], 
              [0.137766, 0.0733766, 0.710115, 0.0787426], 
              [0.626051, 0.127035, 0.191423, 0.0554908], 
              [0.484752, 0.186058, 0.16996, 0.159229], 
              [0.279065, 0.223619, 0.304104, 0.193212], 
              [0.216464, 0.275487, 0.27191, 0.236138], 
              [0.23435, 0.252236, 0.232561, 0.280853]
            ]
          }, {
            "db": 0,
            "id": "M10",
            "alt": "O10",
            "len": 26,
            "nsites": 546,
            "evalue": "1.3e-003",
            "pwm": [
              [0.197812, 0.344305, 0.296694, 0.161188], 
              [0.234435, 0.311344, 0.252746, 0.201474], 
              [0.186825, 0.278383, 0.327825, 0.206968], 
              [0.28937, 0.22711, 0.260071, 0.223448], 
              [0.177669, 0.316838, 0.338812, 0.166682], 
              [0.159358, 0.324162, 0.166682, 0.349799], 
              [0.170345, 0.236267, 0.439525, 0.153864], 
              [0.175838, 0.177669, 0.421214, 0.22528], 
              [0.0439937, 0.921122, 0.0110328, 0.0238514], 
              [0.00370811, 0.992538, 0.00370811, 4.57792e-05], 
              [0.402902, 0.0201891, 0.263733, 0.313175], 
              [0.0330067, 0.401071, 0.476149, 0.0897733], 
              [0.271058, 0.232604, 0.353461, 0.142877], 
              [0.362616, 0.11724, 0.371773, 0.148371], 
              [0.075124, 0.0732924, 0.758149, 0.0934357], 
              [0.1795, 0.00737044, 0.789278, 0.0238514], 
              [0.184994, 0.10076, 0.452344, 0.261903], 
              [0.0110328, 0.00370811, 0.966902, 0.0183574], 
              [0.00737044, 0.0201891, 0.873512, 0.0989287], 
              [0.166682, 0.734343, 0.0531501, 0.0458254], 
              [0.232604, 0.0568124, 0.604331, 0.106253], 
              [0.0513184, 0.543902, 0.333318, 0.0714617], 
              [0.11724, 0.391915, 0.161188, 0.329655], 
              [0.265565, 0.27472, 0.302188, 0.157526], 
              [0.10076, 0.269227, 0.351629, 0.278383], 
              [0.208799, 0.315006, 0.216123, 0.260071]
            ]
          }, {
            "db": 0,
            "id": "M100",
            "alt": "O100",
            "len": 26,
            "nsites": 832,
            "evalue": "1.3e-003",
            "pwm": [
              [0.199525, 0.329317, 0.288457, 0.1827], 
              [0.169481, 0.393012, 0.198323, 0.239184], 
              [0.20914, 0.277641, 0.307685, 0.205534], 
              [0.256009, 0.123813, 0.461513, 0.158665], 
              [0.158665, 0.634569, 0.105786, 0.10098], 
              [0.123813, 0.865311, 0.00844203, 0.00243376], 
              [0.374985, 0.058917, 0.335327, 0.230771], 
              [0.122611, 0.370178, 0.477136, 0.0300744], 
              [0.138234, 0.504777, 0.0601188, 0.296869], 
              [0.810029, 3.00445e-05, 0.10819, 0.0817512], 
              [0.00363561, 0.0012319, 0.992699, 0.00243376], 
              [0.246394, 0.0372856, 0.663412, 0.0529087], 
              [0.189911, 0.128621, 0.475935, 0.205534], 
              [0.0396883, 0.0228643, 0.884539, 0.0529087], 
              [0.0697337, 0.050505, 0.745132, 0.134629], 
              [0.153858, 0.686246, 0.0384874, 0.121409], 
              [0.264421, 0.163472, 0.474733, 0.0973743], 
              [0.0865576, 0.510786, 0.299273, 0.103383], 
              [0.132226, 0.312492, 0.174288, 0.380994], 
              [0.241588, 0.295668, 0.349748, 0.112997], 
              [0.161069, 0.252404, 0.274035, 0.312492], 
              [0.21635, 0.237982, 0.234377, 0.311291], 
              [0.170683, 0.240386, 0.407433, 0.181498], 
              [0.21635, 0.349748, 0.251202, 0.1827], 
              [0.169481, 0.409837, 0.266825, 0.153858], 
              [0.151454, 0.447091, 0.221157, 0.180296]
            ]
          }, {
            "db": 0,
            "id": "M101",
            "alt": "O101",
            "len": 26,
            "nsites": 2580,
            "evalue": "1.3e-003",
            "pwm": [
              [0.25969, 0.270542, 0.226745, 0.243023], 
              [0.280232, 0.270542, 0.179848, 0.269379], 
              [0.247287, 0.25814, 0.218218, 0.276356], 
              [0.281394, 0.232172, 0.235272, 0.251163], 
              [0.309688, 0.252326, 0.22597, 0.212017], 
              [0.315501, 0.260465, 0.200002, 0.224032], 
              [0.32209, 0.16822, 0.225195, 0.284495], 
              [0.226358, 0.151942, 0.270542, 0.351159], 
              [0.176747, 0.220156, 0.349608, 0.253488], 
              [0.162794, 0.3717, 0.268991, 0.196514], 
              [0.101944, 0.367049, 0.208917, 0.32209], 
              [0.374414, 0.207366, 0.23876, 0.17946], 
              [0.3062, 0.155043, 0.337206, 0.201552], 
              [0.0527206, 0.0341174, 0.0139621, 0.8992], 
              [0.000397675, 0.00078466, 9.68955e-06, 0.998808], 
              [0.000397675, 9.68955e-06, 9.68955e-06, 0.999583], 
              [9.68955e-06, 0.743779, 0.00272258, 0.253488], 
              [0.150392, 0.0259777, 0.32364, 0.49999], 
              [0.1938, 0.17791, 0.594173, 0.0341174], 
              [0.333718, 0.168608, 0.279844, 0.21783], 
              [0.268216, 0.281394, 0.16977, 0.280619], 
              [0.252326, 0.248837, 0.15388, 0.344957], 
              [0.211629, 0.324803, 0.122486, 0.341081], 
              [0.230621, 0.262791, 0.190312, 0.316276], 
              [0.17946, 0.274418, 0.232947, 0.313176], 
              [0.196514, 0.184887, 0.232947, 0.385654]
            ]
          }, {
            "db": 0,
            "id": "M102",
            "alt": "O102",
            "len": 26,
            "nsites": 256,
            "evalue": "1.3e-003",
            "pwm": [
              [0.187524, 0.308571, 0.359332, 0.144572], 
              [0.199239, 0.335904, 0.246096, 0.218762], 
              [0.11724, 0.320285, 0.386666, 0.17581], 
              [0.125049, 0.507711, 0.253904, 0.113334], 
              [0.132858, 0.289047, 0.246096, 0.331999], 
              [0.011812, 9.76181e-05, 0.788852, 0.199239], 
              [0.10162, 0.890375, 0.00400209, 0.00400209], 
              [0.019621, 0.956755, 0.011812, 0.011812], 
              [0.17581, 0.589711, 0.105525, 0.128953], 
              [9.76181e-05, 0.792757, 0.00790657, 0.199239], 
              [9.76181e-05, 0.995803, 9.76181e-05, 0.00400209], 
              [0.00400209, 0.0274309, 9.76181e-05, 0.968469], 
              [0.191429, 0.0742876, 0.659996, 0.0742876], 
              [0.00790657, 0.538949, 0.39057, 0.0625732], 
              [0.160191, 0.331999, 0.0586687, 0.449141], 
              [0.011812, 9.76181e-05, 0.882565, 0.105525], 
              [0.0625732, 0.0742876, 0.777138, 0.0860021], 
              [0.168001, 0.417903, 0.207048, 0.207048], 
              [0.160191, 0.421808, 0.253904, 0.164096], 
              [0.261714, 0.234381, 0.339809, 0.164096], 
              [0.148478, 0.402285, 0.281238, 0.168001], 
              [0.234381, 0.285142, 0.285142, 0.195333], 
              [0.160191, 0.339809, 0.331999, 0.168001], 
              [0.210953, 0.292952, 0.320285, 0.17581], 
              [0.152382, 0.292952, 0.386666, 0.168001], 
              [0.18362, 0.195333, 0.45695, 0.164096]
            ]
          }, {
            "db": 0,
            "id": "M103",
            "alt": "O103",
            "len": 26,
            "nsites": 2490,
            "evalue": "1.3e-003",
            "pwm": [
              [0.424893, 0.130929, 0.0289249, 0.415254], 
              [0.889131, 0.0112546, 0.00643578, 0.0931793], 
              [0.398789, 0.0156724, 0.00643578, 0.579103], 
              [0.835719, 0.0586427, 0.00322291, 0.102416], 
              [0.867445, 0.107235, 1.00398e-05, 0.02531], 
              [0.765842, 0.134142, 0.0160734, 0.0839427], 
              [0.463445, 0.0421773, 0.277509, 0.216868], 
              [0.110448, 0.19438, 0.101211, 0.593962], 
              [0.332929, 0.150606, 0.0875565, 0.428909], 
              [0.351803, 0.0714932, 0.0931793, 0.483525], 
              [0.338952, 0.0658704, 0.117274, 0.477903], 
              [0.425696, 0.134142, 0.104825, 0.335338], 
              [0.379513, 0.149803, 0.13374, 0.336945], 
              [0.359835, 0.128921, 0.165063, 0.346181], 
              [0.357024, 0.170284, 0.160245, 0.312447], 
              [0.368268, 0.217672, 0.1743, 0.239759], 
              [0.324495, 0.16667, 0.131732, 0.377103], 
              [0.399592, 0.163457, 0.162655, 0.274296], 
              [0.271083, 0.237751, 0.170284, 0.320881], 
              [0.371079, 0.234941, 0.173095, 0.220885], 
              [0.377103, 0.149, 0.187152, 0.286746], 
              [0.333732, 0.196388, 0.184742, 0.28514], 
              [0.406821, 0.167473, 0.141771, 0.283935], 
              [0.393568, 0.1237, 0.103219, 0.379513], 
              [0.303612, 0.150606, 0.0988011, 0.44698], 
              [0.389552, 0.161851, 0.141369, 0.307227]
            ]
          }, {
            "db": 0,
            "id": "M104",
            "alt": "O104",
            "len": 26,
            "nsites": 1433,
            "evalue": "1.3e-003",
            "pwm": [
              [0.205167, 0.243545, 0.374031, 0.177256], 
              [0.228891, 0.245639, 0.357285, 0.168185], 
              [0.249128, 0.226799, 0.345422, 0.178651], 
              [0.224705, 0.241453, 0.360076, 0.173766], 
              [0.178651, 0.274248, 0.396361, 0.15074], 
              [0.280528, 0.243545, 0.301461, 0.174464], 
              [0.313325, 0.133993, 0.341236, 0.211448], 
              [0.274248, 0.0949168, 0.574297, 0.0565385], 
              [0.136086, 0.00978676, 0.583368, 0.27076], 
              [0.28611, 0.00141335, 0.710366, 0.0021113], 
              [0.00141335, 0.000715396, 0.997854, 1.74447e-05], 
              [0.00141335, 0.00141335, 0.995761, 0.00141335], 
              [0.321, 0.44381, 0.0049021, 0.230287], 
              [0.0509559, 0.00978676, 0.906444, 0.0328132], 
              [0.00420415, 1.74447e-05, 0.838061, 0.157717], 
              [0.294484, 0.0146714, 0.625934, 0.0649119], 
              [0.0697966, 0.0956148, 0.754326, 0.0802628], 
              [0.161904, 0.593835, 0.0551426, 0.189118], 
              [0.130503, 0.432646, 0.110966, 0.325885], 
              [0.272852, 0.165393, 0.207958, 0.353796], 
              [0.200282, 0.247732, 0.374729, 0.177256], 
              [0.224008, 0.243545, 0.369845, 0.162602], 
              [0.234474, 0.214238, 0.402641, 0.148646], 
              [0.187722, 0.249128, 0.381708, 0.181443], 
              [0.19819, 0.226799, 0.329373, 0.245639], 
              [0.207261, 0.227497, 0.367054, 0.19819]
            ]
          }, {
            "db": 0,
            "id": "M105",
            "alt": "O105",
            "len": 26,
            "nsites": 2153,
            "evalue": "1.3e-003",
            "pwm": [
              [0.238738, 0.257315, 0.242452, 0.261495], 
              [0.239202, 0.269391, 0.222946, 0.268462], 
              [0.242917, 0.272642, 0.234557, 0.249884], 
              [0.270319, 0.26103, 0.218301, 0.250348], 
              [0.26521, 0.231771, 0.229448, 0.273571], 
              [0.303296, 0.225268, 0.257315, 0.214122], 
              [0.260567, 0.265675, 0.2327, 0.241059], 
              [0.233628, 0.233628, 0.281467, 0.251277], 
              [0.196937, 0.212264, 0.304224, 0.286575], 
              [0.318622, 0.328375, 0.252206, 0.100797], 
              [0.0394898, 0.231306, 0.0450625, 0.684142], 
              [0.104048, 0.0148739, 0.653952, 0.227126], 
              [0.578712, 0.275429, 0.00186952, 0.14399], 
              [0.286575, 0.146312, 0.493719, 0.0733942], 
              [1.16112e-05, 0.00558535, 0.00047559, 0.993927], 
              [0.00186952, 0.993462, 0.00186952, 0.00279848], 
              [0.973027, 0.00186952, 0.0148739, 0.0102291], 
              [0.0524942, 0.29958, 0.261495, 0.386432], 
              [0.220623, 0.451919, 0.0929013, 0.234557], 
              [0.307939, 0.235951, 0.234093, 0.222017], 
              [0.231306, 0.284717, 0.208548, 0.275429], 
              [0.176501, 0.332091, 0.209942, 0.281467], 
              [0.220623, 0.259638, 0.235022, 0.284717], 
              [0.246168, 0.267068, 0.225268, 0.261495], 
              [0.242452, 0.281467, 0.234093, 0.241988], 
              [0.267068, 0.266139, 0.234557, 0.232235]
            ]
          }, {
            "db": 0,
            "id": "M106",
            "alt": "O106",
            "len": 26,
            "nsites": 2582,
            "evalue": "1.3e-003",
            "pwm": [
              [0.129362, 0.412852, 0.261425, 0.196361], 
              [0.147564, 0.391552, 0.360956, 0.0999288], 
              [0.0972169, 0.450031, 0.251356, 0.201396], 
              [0.095281, 0.485274, 0.246321, 0.173125], 
              [0.187454, 0.338107, 0.27924, 0.1952], 
              [0.0623623, 0.437638, 0.394649, 0.105351], 
              [0.246321, 0.423308, 0.231217, 0.0991538], 
              [0.147951, 0.225408, 0.541817, 0.0848244], 
              [0.198685, 0.223858, 0.462812, 0.114645], 
              [0.103027, 0.525938, 0.288921, 0.0821135], 
              [0.0569405, 0.104963, 0.511609, 0.326488], 
              [0.348563, 0.187841, 0.335783, 0.127813], 
              [0.211079, 0.242835, 0.0503567, 0.49573], 
              [0.393487, 0.0511307, 0.0472579, 0.508123], 
              [0.546465, 0.0410611, 0.0979919, 0.314483], 
              [0.582868, 0.068171, 0.100703, 0.248257], 
              [0.415176, 0.112321, 0.134009, 0.338494], 
              [0.631666, 0.0615873, 0.0530676, 0.253679], 
              [0.439962, 0.0457089, 0.0848244, 0.429505], 
              [0.502701, 0.124327, 0.0863733, 0.286599], 
              [0.389228, 0.0972169, 0.250968, 0.262587], 
              [0.271107, 0.207593, 0.215725, 0.305575], 
              [0.365217, 0.209529, 0.120454, 0.3048], 
              [0.419823, 0.0906332, 0.138269, 0.351274], 
              [0.431441, 0.211852, 0.157634, 0.199072], 
              [0.437251, 0.120842, 0.149501, 0.292407]
            ]
          }, {
            "db": 0,
            "id": "M107",
            "alt": "O107",
            "len": 26,
            "nsites": 2485,
            "evalue": "1.3e-003",
            "pwm": [
              [0.269214, 0.263983, 0.225756, 0.241046], 
              [0.135216, 0.220524, 0.120327, 0.523933], 
              [0.0595647, 0.169822, 0.381484, 0.389129], 
              [0.684088, 0.0173134, 0.265593, 0.0330067], 
              [0.00363191, 0.915466, 0.0213372, 0.0595647], 
              [0.109865, 0.0394455, 0.832573, 0.0181183], 
              [0.0104726, 0.139239, 0.00202198, 0.848266], 
              [0.382691, 0.406433, 0.182699, 0.0281779], 
              [0.592743, 0.0833067, 0.195173, 0.128778], 
              [0.158958, 0.239839, 0.309052, 0.292151], 
              [0.189539, 0.362168, 0.155336, 0.292956], 
              [0.262776, 0.231389, 0.320721, 0.185114], 
              [0.222939, 0.292553, 0.228572, 0.255936], 
              [0.244266, 0.284908, 0.262374, 0.208453], 
              [0.229377, 0.251509, 0.286921, 0.232194], 
              [0.219317, 0.282092, 0.250302, 0.24829], 
              [0.191149, 0.273641, 0.304223, 0.230987], 
              [0.21811, 0.267605, 0.286518, 0.227768], 
              [0.243461, 0.273238, 0.247887, 0.235413], 
              [0.257143, 0.262776, 0.236218, 0.243863], 
              [0.242656, 0.268409, 0.255936, 0.232999], 
              [0.235011, 0.245875, 0.268007, 0.251107], 
              [0.202416, 0.291749, 0.274446, 0.231389], 
              [0.246278, 0.286116, 0.251509, 0.216098], 
              [0.238229, 0.271226, 0.263178, 0.227365], 
              [0.259155, 0.255131, 0.250302, 0.235413]
            ]
          }, {
            "db": 0,
            "id": "M108",
            "alt": "O108",
            "len": 26,
            "nsites": 2398,
            "evalue": "1.3e-003",
            "pwm": [
              [0.254379, 0.223938, 0.306503, 0.21518], 
              [0.252294, 0.233529, 0.267305, 0.246872], 
              [0.292742, 0.2598, 0.224355, 0.223104], 
              [0.262718, 0.254379, 0.236031, 0.246872], 
              [0.206841, 0.243536, 0.255213, 0.29441], 
              [0.322349, 0.266054, 0.289823, 0.121773], 
              [0.161388, 0.640518, 0.0846609, 0.113434], 
              [0.990378, 0.00418025, 0.00126137, 0.00418025], 
              [0.00084439, 0.00376327, 0.992463, 0.0029293], 
              [0.0116859, 0.000427408, 0.987042, 0.00084439], 
              [0.00084439, 0.00334629, 0.0029293, 0.99288], 
              [0.317345, 0.00626516, 0.567126, 0.109264], 
              [0.322766, 0.174732, 0.281067, 0.221436], 
              [0.258966, 0.16264, 0.364048, 0.214346], 
              [0.248957, 0.18891, 0.29024, 0.271892], 
              [0.25146, 0.212679, 0.281484, 0.254379], 
              [0.258549, 0.233112, 0.281484, 0.226857], 
              [0.264803, 0.2598, 0.262301, 0.213096], 
              [0.266054, 0.240617, 0.275645, 0.217682], 
              [0.25563, 0.2402, 0.262718, 0.241451], 
              [0.247706, 0.234363, 0.292325, 0.225606], 
              [0.251877, 0.234363, 0.301499, 0.212262], 
              [0.235197, 0.242702, 0.278564, 0.243536], 
              [0.243953, 0.226023, 0.304001, 0.226023], 
              [0.224355, 0.278147, 0.26939, 0.228108], 
              [0.225606, 0.263552, 0.27356, 0.237282]
            ]
          }, {
            "db": 0,
            "id": "M109",
            "alt": "O109",
            "len": 26,
            "nsites": 749,
            "evalue": "1.3e-003",
            "pwm": [
              [0.104158, 0.707549, 0.0868038, 0.101489], 
              [0.189594, 0.567381, 0.0801297, 0.162896], 
              [0.0681153, 0.567381, 0.040081, 0.324423], 
              [0.0734546, 0.826358, 0.040081, 0.0601054], 
              [0.152216, 0.304399, 0.100154, 0.443232], 
              [0.299058, 0.105493, 0.307068, 0.28838], 
              [0.0934789, 0.317748, 0.519323, 0.0694501], 
              [0.236317, 0.328428, 0.0173871, 0.417869], 
              [0.0240622, 0.0707849, 0.751602, 0.153551], 
              [0.0587705, 0.0694501, 0.719563, 0.152216], 
              [0.188259, 0.405853, 0.162896, 0.242992], 
              [0.242992, 0.353791, 0.205613, 0.197604], 
              [0.311073, 0.193599, 0.356461, 0.138867], 
              [0.197604, 0.229643, 0.293719, 0.279035], 
              [0.230978, 0.259011, 0.263015, 0.246996], 
              [0.230978, 0.222968, 0.28037, 0.265686], 
              [0.222968, 0.245662, 0.26969, 0.26168], 
              [0.249666, 0.176245, 0.2777, 0.296389], 
              [0.200274, 0.0654456, 0.622113, 0.112168], 
              [0.222968, 0.0440865, 0.640802, 0.0921441], 
              [0.400514, 0.136197, 0.176245, 0.287044], 
              [0.707549, 0.0387462, 0.184255, 0.0694501], 
              [0.062775, 0.339107, 0.181584, 0.416533], 
              [0.194934, 0.122847, 0.132192, 0.550027], 
              [0.236317, 0.025397, 0.719563, 0.0187229], 
              [0.0347417, 0.890435, 0.0213925, 0.0534312]
            ]
          }, {
            "db": 0,
            "id": "M11",
            "alt": "O11",
            "len": 26,
            "nsites": 2582,
            "evalue": "1.3e-003",
            "pwm": [
              [0.204495, 0.474042, 0.197523, 0.12394], 
              [0.146402, 0.294731, 0.161893, 0.396973], 
              [0.204495, 0.133622, 0.336171, 0.325713], 
              [0.31061, 0.155697, 0.377997, 0.155697], 
              [0.221922, 0.219211, 0.221922, 0.336945], 
              [0.415563, 0.229281, 0.148339, 0.206818], 
              [0.29628, 0.360569, 0.134396, 0.208755], 
              [0.164604, 0.192488, 0.0987669, 0.544141], 
              [0.103027, 0.453904, 0.130911, 0.312159], 
              [0.113096, 0.630504, 0.147951, 0.108448], 
              [0.0317665, 0.681625, 0.0278936, 0.258714], 
              [0.770313, 0.0495818, 0.13672, 0.043385], 
              [0.168477, 0.27343, 0.171575, 0.386517], 
              [0.30635, 0.403557, 0.157246, 0.132848], 
              [0.312934, 0.113096, 0.122391, 0.45158], 
              [0.433765, 0.122003, 0.105738, 0.338494], 
              [0.175836, 0.199072, 0.32339, 0.301702], 
              [0.16228, 0.100316, 0.0395122, 0.697892], 
              [0.210691, 0.0569405, 0.393487, 0.338882], 
              [0.104576, 0.0228598, 0.782318, 0.0902462], 
              [0.252517, 0.0352523, 0.670007, 0.042223], 
              [0.0840494, 0.0158881, 0.474429, 0.425632], 
              [0.349338, 0.0375762, 0.524389, 0.0886972], 
              [0.0801766, 0.24206, 0.563892, 0.11387], 
              [0.259489, 0.153761, 0.386904, 0.199847], 
              [0.25213, 0.52129, 0.11387, 0.112708]
            ]
          }, {
            "db": 0,
            "id": "M110",
            "alt": "O110",
            "len": 26,
            "nsites": 2578,
            "evalue": "1.3e-003",
            "pwm": [
              [0.291697, 0.226921, 0.263381, 0.217999], 
              [0.284328, 0.271139, 0.241272, 0.20326], 
              [0.227697, 0.248254, 0.278897, 0.245151], 
              [0.237006, 0.237781, 0.246703, 0.278509], 
              [0.285492, 0.228861, 0.270752, 0.214896], 
              [0.297128, 0.213345, 0.241272, 0.248254], 
              [0.262994, 0.20326, 0.283164, 0.250582], 
              [0.21606, 0.271139, 0.3204, 0.192399], 
              [0.348328, 0.171066, 0.235455, 0.245151], 
              [0.0640102, 0.13732, 0.703628, 0.095041], 
              [0.724963, 0.143526, 0.0399611, 0.0915501], 
              [9.69706e-06, 0.0391862, 0.0050525, 0.955753], 
              [0.496887, 0.000397682, 0.000785667, 0.501929], 
              [0.970492, 0.00117365, 0.0275496, 0.000785667], 
              [0.148569, 0.0713799, 0.166023, 0.614028], 
              [0.124132, 0.641568, 0.17766, 0.0566405], 
              [0.249806, 0.213345, 0.230412, 0.306437], 
              [0.201709, 0.278122, 0.289758, 0.230412], 
              [0.192399, 0.328546, 0.190848, 0.288207], 
              [0.247867, 0.257176, 0.191236, 0.303722], 
              [0.211793, 0.262219, 0.217999, 0.307989], 
              [0.2436, 0.243212, 0.245927, 0.26726], 
              [0.285492, 0.240497, 0.233127, 0.240884], 
              [0.207915, 0.235843, 0.26726, 0.288982], 
              [0.216448, 0.301394, 0.224982, 0.257176], 
              [0.270752, 0.303334, 0.183479, 0.242436]
            ]
          }, {
            "db": 0,
            "id": "M111",
            "alt": "O111",
            "len": 26,
            "nsites": 372,
            "evalue": "1.3e-003",
            "pwm": [
              [0.0457539, 0.516057, 0.0591913, 0.378997], 
              [0.0430666, 0.0941279, 0.696117, 0.166689], 
              [0.0914406, 0.886926, 0.0135046, 0.00813002], 
              [0.0188791, 0.919175, 0.0161919, 0.0457539], 
              [0.333311, 0.575182, 0.0242547, 0.0672531], 
              [0.0215664, 0.620868, 0.0188791, 0.338686], 
              [0.0242547, 0.900363, 0.0108173, 0.0645658], 
              [0.131752, 0.139815, 0.201626, 0.526808], 
              [0.056504, 0.279562, 0.352124, 0.311811], 
              [0.0242547, 0.655805, 0.301061, 0.0188791], 
              [0.327936, 0.056504, 0.0108173, 0.604744], 
              [6.71862e-05, 6.71862e-05, 0.999798, 6.71862e-05], 
              [0.0161919, 0.0860661, 0.817052, 0.0806905], 
              [0.252687, 0.276875, 0.244625, 0.225813], 
              [0.217751, 0.344061, 0.193563, 0.244625], 
              [0.201626, 0.295687, 0.279562, 0.223125], 
              [0.212376, 0.346748, 0.26075, 0.180127], 
              [0.25, 0.198939, 0.247313, 0.303749], 
              [0.271499, 0.252687, 0.255375, 0.220438], 
              [0.223125, 0.158627, 0.370935, 0.247313], 
              [0.212376, 0.185501, 0.389747, 0.212376], 
              [0.228501, 0.145189, 0.451559, 0.174751], 
              [0.207001, 0.131752, 0.561744, 0.0995025], 
              [0.196251, 0.247313, 0.346748, 0.209688], 
              [0.435434, 0.23925, 0.150565, 0.174751], 
              [0.306437, 0.231188, 0.180127, 0.282249]
            ]
          }, {
            "db": 0,
            "id": "M112",
            "alt": "O112",
            "len": 26,
            "nsites": 1865,
            "evalue": "1.3e-003",
            "pwm": [
              [0.257373, 0.232709, 0.283644, 0.226274], 
              [0.248257, 0.219841, 0.291151, 0.240751], 
              [0.233245, 0.284716, 0.27024, 0.211798], 
              [0.222521, 0.267023, 0.248794, 0.261661], 
              [0.2059, 0.250938, 0.276675, 0.266487], 
              [0.215015, 0.204828, 0.382299, 0.197858], 
              [0.258981, 0.255764, 0.279891, 0.205364], 
              [0.22413, 0.272385, 0.258445, 0.24504], 
              [0.232173, 0.276138, 0.278818, 0.212871], 
              [0.260589, 0.262197, 0.262734, 0.214479], 
              [0.275602, 0.247721, 0.305627, 0.17105], 
              [0.254155, 0.268096, 0.270776, 0.206973], 
              [0.251475, 0.204292, 0.314742, 0.229492], 
              [0.263806, 0.228955, 0.307772, 0.199467], 
              [0.255228, 0.186062, 0.336724, 0.221986], 
              [0.262197, 0.136735, 0.45897, 0.142097], 
              [0.402673, 0.109928, 0.471302, 0.0160985], 
              [0.0600642, 0.110463, 0.0611361, 0.768337], 
              [0.0375454, 0.700244, 0.245576, 0.0166345], 
              [0.927042, 0.026822, 0.0225322, 0.0236041], 
              [0.0241411, 0.543684, 0.234317, 0.197858], 
              [0.204828, 0.236462, 0.536178, 0.0225322], 
              [0.0337916, 0.0370084, 0.0241411, 0.905059], 
              [0.0209243, 0.236998, 0.680942, 0.0611361], 
              [0.759759, 0.0514856, 0.123868, 0.0648889], 
              [0.0107368, 0.462724, 0.130837, 0.395702]
            ]
          }, {
            "db": 0,
            "id": "M113",
            "alt": "O113",
            "len": 26,
            "nsites": 1541,
            "evalue": "1.3e-003",
            "pwm": [
              [0.170024, 0.418548, 0.219989, 0.191438], 
              [0.192087, 0.370531, 0.210256, 0.227126], 
              [0.219989, 0.336788, 0.234913, 0.208309], 
              [0.227775, 0.391295, 0.180407, 0.200522], 
              [0.16094, 0.411411, 0.241403, 0.186247], 
              [0.149261, 0.358202, 0.232967, 0.259571], 
              [0.123953, 0.292015, 0.282931, 0.3011], 
              [0.134984, 0.643063, 0.096052, 0.1259], 
              [0.0837228, 0.625544, 0.0850207, 0.205714], 
              [0.0259715, 0.918192, 0.0207809, 0.0350559], 
              [0.128496, 0.661232, 0.0298653, 0.180407], 
              [0.253082, 0.131092, 0.227126, 0.3887], 
              [0.00455893, 0.982431, 0.00845167, 0.00455893], 
              [0.0168871, 0.949987, 0.0233757, 0.00974959], 
              [0.0162382, 0.883152, 0.0129944, 0.0876155], 
              [0.101243, 0.839676, 0.0421935, 0.0168871], 
              [0.0259715, 0.925978, 0.0220788, 0.0259715], 
              [0.383508, 0.288771, 0.168727, 0.158994], 
              [0.16678, 0.504202, 0.0928072, 0.236211], 
              [0.150558, 0.51718, 0.179758, 0.152504], 
              [0.142123, 0.44126, 0.209607, 0.207011], 
              [0.140176, 0.400379, 0.217393, 0.242052], 
              [0.145367, 0.40622, 0.199873, 0.24854], 
              [0.180407, 0.425687, 0.199224, 0.194683], 
              [0.155749, 0.39454, 0.199224, 0.250487], 
              [0.187545, 0.384157, 0.2427, 0.185598]
            ]
          }, {
            "db": 0,
            "id": "M114",
            "alt": "O114",
            "len": 26,
            "nsites": 2582,
            "evalue": "1.3e-003",
            "pwm": [
              [0.249032, 0.274205, 0.257552, 0.219211], 
              [0.254454, 0.243997, 0.24206, 0.259489], 
              [0.227731, 0.268396, 0.276916, 0.226957], 
              [0.255229, 0.255616, 0.216113, 0.273043], 
              [0.301315, 0.23509, 0.262587, 0.201009], 
              [0.306737, 0.191714, 0.285824, 0.215725], 
              [0.297055, 0.204882, 0.238187, 0.259876], 
              [0.271494, 0.225408, 0.241673, 0.261425], 
              [0.217274, 0.222309, 0.244384, 0.316031], 
              [0.249032, 0.199847, 0.222309, 0.328812], 
              [0.122003, 0.426019, 0.157246, 0.294731], 
              [0.0491948, 0.414401, 0.00659343, 0.529811], 
              [0.0108533, 9.68204e-06, 0.137494, 0.851642], 
              [9.68204e-06, 9.68204e-06, 0.999971, 9.68204e-06], 
              [9.68204e-06, 9.68204e-06, 0.999971, 9.68204e-06], 
              [0.924838, 0.0751428, 9.68204e-06, 9.68204e-06], 
              [0.666134, 0.0801766, 0.0399001, 0.213789], 
              [0.345465, 0.185904, 0.164217, 0.304413], 
              [0.283887, 0.210691, 0.238187, 0.267234], 
              [0.274205, 0.242448, 0.254454, 0.228893], 
              [0.295505, 0.155697, 0.297829, 0.250968], 
              [0.173899, 0.206818, 0.313321, 0.305962], 
              [0.230443, 0.276916, 0.223084, 0.269557], 
              [0.224246, 0.368701, 0.218436, 0.188615], 
              [0.294343, 0.252517, 0.229668, 0.223471], 
              [0.280789, 0.22502, 0.284662, 0.209529]
            ]
          }, {
            "db": 0,
            "id": "M115",
            "alt": "O115",
            "len": 26,
            "nsites": 448,
            "evalue": "1.3e-003",
            "pwm": [
              [0.207598, 0.270085, 0.281243, 0.241073], 
              [0.142881, 0.314718, 0.321413, 0.220988], 
              [0.214294, 0.328108, 0.281243, 0.176355], 
              [0.142881, 0.388362, 0.25, 0.218757], 
              [0.243305, 0.214294, 0.301328, 0.241073], 
              [0.220988, 0.196441, 0.419605, 0.162965], 
              [0.180819, 0.25, 0.397288, 0.171892], 
              [0.212062, 0.325876, 0.254463, 0.207598], 
              [0.183051, 0.486554, 0.283475, 0.0469203], 
              [0.388362, 0.334802, 0.189745, 0.0870904], 
              [0.629379, 0.0424573, 0.323645, 0.00451879], 
              [0.00451879, 0.966358, 0.0067503, 0.0223718], 
              [0.99537, 5.57911e-05, 0.00451879, 5.57911e-05], 
              [0.00451879, 0.26339, 0.694097, 0.0379933], 
              [0.0112143, 0.656159, 0.00228729, 0.330339], 
              [0.147344, 0.0737004, 0.718645, 0.0603103], 
              [0.149576, 0.667318, 0.120565, 0.0625418], 
              [0.0714689, 0.877092, 0.0134458, 0.0379933], 
              [0.252232, 0.528956, 0.100479, 0.118333], 
              [0.0268358, 0.729804, 0.0290673, 0.214294], 
              [0.0580788, 0.73873, 0.0625418, 0.140649], 
              [0.178587, 0.265622, 0.198672, 0.357119], 
              [0.212062, 0.27678, 0.325876, 0.185282], 
              [0.138418, 0.370509, 0.332571, 0.158502], 
              [0.185282, 0.301328, 0.256695, 0.256695], 
              [0.0737004, 0.194208, 0.580283, 0.151808]
            ]
          }, {
            "db": 0,
            "id": "M116",
            "alt": "O116",
            "len": 26,
            "nsites": 209,
            "evalue": "1.3e-003",
            "pwm": [
              [0.167503, 0.33967, 0.306193, 0.186633], 
              [0.181851, 0.306193, 0.334887, 0.177068], 
              [0.191416, 0.310976, 0.282282, 0.215328], 
              [0.157939, 0.244022, 0.401841, 0.196198], 
              [0.177068, 0.411406, 0.134026, 0.277499], 
              [0.177068, 0.291846, 0.397059, 0.134026], 
              [0.234457, 0.0718552, 0.550095, 0.143592], 
              [0.10055, 0.779651, 0.0670735, 0.0527264], 
              [0.00011956, 0.985294, 0.00011956, 0.0144667], 
              [0.406624, 0.0192494, 0.373147, 0.20098], 
              [0.0575081, 0.545314, 0.377929, 0.0192494], 
              [0.191416, 0.244022, 0.210545, 0.354017], 
              [0.406624, 0.0670735, 0.397059, 0.129245], 
              [0.0383793, 0.00490227, 0.93747, 0.0192494], 
              [0.234457, 0.0622908, 0.684003, 0.0192494], 
              [0.0814207, 0.00490227, 0.884863, 0.0288138], 
              [0.0814207, 0.00011956, 0.889646, 0.0288138], 
              [0.0527264, 0.894429, 0.00490227, 0.0479437], 
              [0.296629, 0.00490227, 0.655308, 0.043161], 
              [0.0240311, 0.483142, 0.430536, 0.0622908], 
              [0.172286, 0.325323, 0.148374, 0.354017], 
              [0.287063, 0.315758, 0.315758, 0.0814207], 
              [0.167503, 0.143592, 0.3588, 0.330106], 
              [0.157939, 0.248805, 0.248805, 0.344453], 
              [0.119679, 0.287063, 0.4401, 0.153156], 
              [0.196198, 0.310976, 0.32054, 0.172286]
            ]
          }, {
            "db": 0,
            "id": "M117",
            "alt": "O117",
            "len": 26,
